%% INTERPLANETARY DATA
%Departure, Arrival and delta t
t1 = [26, 11, 2021]; %day, month, year
t2 = [19, 2, 2022]; %day, month, year
dt = 95; %days

rT_t1 = [-0.4079, 0.8950, 0.0000]; %[AU]
rM_t2 = [0.6393, -1.2542, -0.0420]; %[AU]

muS=1.32712440018e20;