%% INTERPLANETARY DATA
%Departure, Arrival and delta t
t1 = [26, 11, 2021]; %day, month, year
t2 = [19, 2, 2022]; %day, month, year
dt = 85; %days

rT_t1 = [0.4383, 0.8843, 0.0000]; %[AU]
rM_t2 = [-0.2082, -1.4582, -0.0255]; %[AU]

muS=1.32712440018e20;