%% INTERPLANETARY DATA
%Departure, Arrival and delta t
t1 = [18, 1, 2033]; %day, month, year
t2 = [28, 8, 2033]; %day, month, year
dt = 222; %days

rT_t1 = [1.5831,0.3913, 0.0306]; %[AU]
rM_t2 = [0.9123, 0.4340, 0.000]; %[AU]

muS=1.32712440018e20;