%% INTERPLANETARY DATA
%Departure, Arrival and delta t
t1 = [20, 11, 2030]; %day, month, year
t2 = [6, 7, 2031]; %day, month, year
dt = 228; %days


rT_t1 = [1.4166, 0.8722, 0.0530]; %[AU]
rM_t2 = [0.2345, 0.9893, 0.0001]; %[AU]

muS=1.32712440018e20;