%% INTERPLANETARY DATA
%Departure, Arrival and delta t
t1 = [13, 3, 2033]; %day, month, year
t2 = [5, 8, 2033]; %day, month, year
dt = 145; %days



rT_t1 = [0.9848, 0.1338, 0.0000]; %[AU]
rM_t2 = [0.6797, 1.2298, 0.0424]; %[AU]

muS=1.32712440018e20;