%% INTERPLANETARY DATA
%Departure, Arrival and delta t
t1 = [18, 7, 2025]; %day, month, year
t2 = [21, 10, 2025]; %day, month, year
dt = 95; %days

rT_t1 = [0.4342, 0.9188, 0.0001]; %[AU]
rM_t2 = [0.6775, 1.3571, 0.0118]; %[AU]

muS=1.32712440018e20;