%% INTERPLANETARY DATA
%Departure, Arrival and delta t
t1 = [19, 7, 2020]; %day, month, year
t2 = [25, 1, 2021]; %day, month, year
dt = 190; %days

dLamb0 = 29.837; %[º]
dThet0 = 141.683;%[º]


rT_t1 = [0.4537, -0.9094, 0.0000]; %[AU]
rM_t2 = [0.3148, 1.5078, 0.0239]; %[AU]


muE=3.98574405096e14;
muM=4.282837e13;
muS=1.32712440018e20;