%% INTERPLANETARY DATA
%Departure, Arrival and delta t
t1 = [27, 5, 2023]; %day, month, year
t2 = [1, 11, 2023]; %day, month, year
dt = 158; %days

rT_t1 = [-0.4255, -0.9194, 0.0000]; %[AU]
rM_t2 = [0.0356, 0.7189, 0.0079]; %[AU]

muS=1.32712440018e20;