%% INTERPLANETARY DATA
%Departure, Arrival and delta t
t1 = [23, 1, 2031]; %day, month, year
t2 = [1, 8, 2031]; %day, month, year
dt = 190; %days

rT_t1 = [0.5264, 0.8316, 0.0001]; %[AU]
rM_t2 = [0.0108, 1.4542, 0.0309]; %[AU]

muS=1.32712440018e20;