%% INTERPLANETARY DATA
%Departure, Arrival and delta t
t1 = [25, 10, 2037]; %day, month, year
t2 = [15, 10, 2039]; %day, month, year
dt = 720; %days

rT_t1 = [1.0707, 0.9868, 0.0055]; %[AU]
rM_t2 = [5.2210, 1.4357, 0.1109]; %[AU]

muS=1.32712440018e20;